0.11546146754564
0.480147972032176
0.112037382523527
0.564431767959684
0.447943975300527
0.983105579355624
0.492632797582501
0.246209555386762
0.663901208936006
0.904435829999474
0.574641081511964
0.765170324395501
0.646967875979637
0.934863290629766
0.649026219048393
0.632484775039845
0.483991950783346
0.589388191063459
0.985924124152321
0.184211666486739
0.569923422769595
0.245279422486544
0.632342469746637
0.857548146264462
0.530345153103545
0.91775449285289
0.760639926685911
0.280461019861864
0.975848520618286
0.524116017893832
0.624175924763207
0.522922458377566
0.70632813176806
0.917936919204907
0.284465299807822
0.66512877487247
0.883644883749291
0.911314899948659
0.535906234123914
0.852155205783667
0.536345514144164
0.507384634079541
0.601027279782391
0.794268829513243
0.596117321733304
0.165454723233798
0.813061724587972
0.925837778615136
0.648604118251803
0.664323101810951
0.699387886917382
0.099612062757411
0.890441129909674
0.538722912891016
0.610564953773648
0.369812205501404
0.964685317462895
0.532548818325611
0.258387566033688
0.367974218453159
0.0586479075841601
0.984812276040401
0.331760415186611
0.00642778202999442
0.788609633994456
0.109744470734581
0.587500055747229
0.569771744065775
0.73310665122898
0.623088027329845
0.94580108879992
0.428401301313903
0.377707320116833
0.696394663554149
0.69623630594638
0.674730713437898
0.145235140906387
0.958574011154674
0.834601262819548
0.10777271124856
0.535480591585369
0.967445315264858
0.515667261224346
0.0973506655502009
0.209611063808875
0.214994884978726
0.655758026045234
0.723698867006965
0.961428600851044
0.210281486590697
0.197872309447358
0.442521453852172
0.256302950816642
0.931019780919852
0.855580946369774
0.963300704615882
0.508478394614052
0.267684459592496
0.680974219380268
0.659165613520228
0.666993807167936
0.76278400087117
0.531363044640948
0.82999011242703
0.481944459740626
0.0177630392045296
0.829158902244381
0.478300765311993
0.462780876680067
0.561681600990212
0.60007820604758
0.289536712737504
0.010001009336794
0.969553929256784
0.499872115449946
0.449274123640147
0.922424382414203
0.253657130128941
0.506081831144038
0.746447840118647
0.60535119680643
0.488245322683064
0.990305477033097
0.621068643183812
0.559312666877091
0.211820047160643
0.997220589713092
0.632488944011897
0.578841283929993
0.606102336021357
0.693096259016183
0.080715594237524
0.897587237697094
0.996993595685267
0.75974546585087
0.483005476763019
0.664139831445799
0.938305419802311
0.544130341775845
0.521552220112081
0.171071357288687
0.940638863755091
0.57608372871899
0.79916959315248
0.845501679952074
0.584627885778589
0.427516137687135
0.827243052753971
0.466474456548384
0.256242157420463
0.590321114291161
0.69686682613299
0.505688812345846
0.567878538800563
0.425527168589232
0.857413804740771
0.431326331405864
0.511677238605995
0.508939608639131
0.406528250586631
0.591711845301001
0.310787163676864
0.894249547955982
0.87527866652947
0.912783792622624
0.967291838335483
0.735369737778308
0.456255007967193
0.679000891306697
0.10830326795412
0.968203751966621
0.685963873466572
0.627051345380006
0.571776580219131
0.45884227260265
0.983877717048741
0.265627595274047
0.716424699913335
0.161753060355044
0.95902925009132
0.0959517323237093
0.512446940711259
0.531700925630344
0.751505956193479
0.530081247666859
0.973357641527553
0.476791714210654
0.523674370916669
0.811205472651514
0.667830044152439
0.68920463885436
0.624045780273023
0.13170422510088
0.584041241304195
0.936034151422025
0.612206172199757
0.125060587541875
0.611315941412918
0.75225524096486
0.81280495125908
0.803340234212224
0.872300553332742
0.545515963501013
0.969025541053624
0.247776367782832
0.558034850081157
0.000841489896517411
0.483739979006977
0.632609453118589
0.246775617425267
0.305940295486853
0.110991080864381
0.969347126622262
0.619035239280119
0.599929653504919
0.781972358643315
0.779887863892069
0.820026754419374
0.828453736897723
0.620520486974268
0.560856518627611
0.936995057511366
0.723150435058302
0.492180382442515
0.520897689478051
0.707496516536311
0.941068945675401
0.681524884792528
0.502555492087964
0.679585079124933
0.781785836380479
0.0516883806649232
0.691389085097785
0.638828551332529
0.572000809877366
0.995053115462234
0.688539548558651
0.893211101072937
0.230565904356306
0.997868578111937
0.495544982728551
0.862816410148046
0.68238870250971
0.931782501516066
0.829029005299054
0.553386048011244
0.631487930121301
0.467866659600148
0.415348002863405
0.663965101745915
0.548856231303465
0.51936224664655
0.470067220924298
0.657192687902868
0.126240512097991
0.813399873579889
0.0446409222938971
0.410354117976715
0.665916283039556
0.778123364055328
0.695440551581726
0.658298581327718
0.651852383273739
0.634003312269154
0.885542852433666
0.250475248945747
0.718980667951899
0.502390207978409
0.94587867281806
0.0670049720416861
0.625399835066484
0.140546032293261
0.786916226033099
0.772628550290016
0.109979655482991
0.207701166105518
0.647826313109109
0.617083115993606
0.887445364564773
0.889997318491479
0.684575633859301
0.701511134685786
0.859707685177816
0.54336052932846
0.769924175762849
0.911342551701985
0.154868414993946
0.19182630243866
0.758235631053793
0.925461733391305
0.641493330739648
0.816287254115448
0.965466169969594
0.527566614744864
0.586544531261362
0.642680802504392
0.459515603443592
0.604921711364638
0.870939423943311
0.213082921128725
0.309586569322719
0.535014499699654
0.89186165574107
0.116114410890285
0.497626420364478
0.110823554478495
0.338020097373989
0.741495091721776
0.54118237671762
0.814343729280012
0.503210219409301
0.736706878534761
0.89064494436744
0.40346975181693
0.466434600486136
0.489891557757144
0.751381827402614
0.151262680920078
0.96246686743955
0.63607870663529
0.740256272081036
0.666599765515334
0.546692263516505
0.400726818061285
0.51824168187899
0.747781374281238
0.75355974505616
0.611473904349789
0.104874976989041
0.777906746901773
0.444273374652501
0.477807217923742
0.403485963564507
0.359962992025813
0.266750436536674
0.301190237723527
0.0491912888900805
0.297704212792394
0.546628342130557
0.529166794239385
0.359104648006569
0.214770055405105
0.632024406199553
0.442786183605895
0.468116034776732
0.027584677160798
0.738008551992943
0.547722477450605
0.761192575047063
0.25030583474505
0.733966559913544
0.975843474826529
0.78013611343374
0.950551676620748
0.575053276924924
0.626190018653917
0.513009722507376
0.241886147724443
0.999578426139268
0.38057397784797
0.220079407481726
0.709626659039759
0.78711322779262
0.117873669144181
0.678765063394065
0.779174874758275
0.0506457447511218
0.957274892664463
0.715521659404813
0.377222990943629
0.281620641739787
0.405630866594002
0.867418005637349
0.81169615869025
0.569216013160078
0.769458716594304
0.809326224309802
0.501647495266926
0.486788100190664
0.636476506956677
0.98620933575635
0.0590881549196472
0.551510327990879
0.736289888173417
0.487784277187144
0.801392904596469
0.160727990709276
0.977488058864408
0.47056716830467
0.454509826250072
0.109720941885691
0.598983490174198
0.496012144643352
0.908015468786545
0.396514539384232
0.597080311502063
0.511441673738197
0.992293064938441
0.614685737478643
0.127615499247628
0.942033860343738
0.710027345210455
0.629749780478908
0.77740792400584
0.401393395090682
0.902001314061627
0.488870295594535
0.519879427260276
0.426921756230925
0.453478572973906
0.991202996651462
0.481395919841456
0.458515449819711
0.86376433465253
0.521723059368252
0.582543325765014
0.578683323517315
0.188046475183545
0.568070329306763
0.513433971499993
0.495747063738905
0.903986711629
0.579487002602428
0.844258254404233
0.594369970980645
0.53786747812863
0.455503148497096
0.963536935958165
0.606737031757843
0.565567031007627
0.53243786342186
0.467304624323645
0.798457166545675
0.606389224763998
0.818495385571773
0.52176638507414
0.685776422952416
0.963524065336464
0.55026267081345
0.575307465817889
0.29802843067851
0.995640153451048
0.579336056408376
0.277528631319193
0.453183779735218
0.741688786013333
0.188236514372346
0.632362325014352
0.411505026795121
0.605909747081441
0.637806155935589
0.795347138442724
0.35914891590594
0.381711748181834
0.904226910875603
0.565836695817614
0.901196904043064
0.283562480539215
0.985892840417349
0.600227748965333
0.116126067417942
0.607825939873285
0.805325915159563
0.87198604561802
0.519242348657703
0.860162721423091
0.193293408020217
0.511699689331798
0.991559421925444
0.237543560299136
0.571647682417389
0.374432134326392
0.883218593276802
0.708361232353428
0.421114650678152
0.577550146637989
0.657168310821502
0.432796074355631
0.868206707774177
0.308774457531266
0.475386714912317
0.1190019042798
0.640679798069961
0.563362791302436
0.390964472151847
0.508642251321047
0.605884736155149
0.878214699150473
0.498731600854954
0.964716284213527
0.834202685867007
0.0100617275671071
0.236050504022438
0.928453201456684
0.497478404328238
0.372342391302426
0.752333897889281
0.51844612418068
0.784702295210379
0.534885673413677
0.572080306781093
0.629206963535498
0.99168277135882
0.584677009734757
0.901386813661085
0.521652098790926
0.0887344172917306
0.774899665599548
0.911158141336592
0.791836476484833
0.431089320970342
0.214039999692963
0.262294292109098
0.830632674657496
0.5185908218933
0.26174775600977
0.776680509848286
0.778777297738065
0.437357664973707
0.668203478220745
0.291909321850408
0.936189043509146
0.745216011675944
0.905573914994008
0.985660828265606
0.618291834012487
0.740682338897489
0.72930822487743
0.285301524395518
0.518421022675384
0.45916402014371
0.673264647061489
0.817999059108028
0.45678809899813
0.985102383472657
0.46004932203158
0.377870674505265
0.171740938268639
0.61089171554672
0.891903660694157
0.0350105314564287
0.553017024835201
0.330751953626239
0.967794347025895
0.94976063383798
0.250658012097675
0.533937563372297
0.933679793542506
0.701793109446738
0.734558626062163
0.357858543736862
0.855639936236029
0.673622657731102
0.419652036993876
0.475699801731337
0.961336934196572
0.542473925575664
0.916913500426063
0.668023765286674
0.0642045566741112
0.527710441581015
0.856660438003883
0.459897194707681
0.566959320077916
0.280300149919341
0.703267738127211
0.398831426082713
0.619596922748383
0.921171531939959
0.491486717919356
0.970479631067728
0.225152691871111
0.203464759137596
0.879429293022356
0.961525837852849
0.534266451108297
0.144132473469744
0.64833232166077
0.625464609033834
0.971553024188125
0.570473112060394
0.666283147523004
0.888585669309783
0.190905121782213
0.564956668029766
0.766179246800039
0.612986712140711
0.729235881219012
0.502710359436014
0.1479803370464
0.571036830608515
0.339349308151034
0.250017091393395
0.666094799232186
0.778419877343861
0.996278509138931
0.976085540707296
0.561333216360165
0.267506996625708
0.291882857254965
0.399620766555264
0.428470663110275
0.482359473501205
0.807947149278009
0.77255497367439
0.572390551988312
0.66507989795177
0.0126337774882259
0.879908802934332
0.992144724787602
0.823554669530914
0.64119649358155
0.0441399070401606
0.989052163174984
0.662212490050263
0.433795033137903
0.0958889554074344
0.882904396970663
0.395887694506912
0.196892781798784
0.606646782273412
0.448952623438933
0.757185091050334
0.636509727343886
0.732183429513987
0.787165482966745
0.0831592344249526
0.495544655886887
0.404023067313231
0.974592945854815
0.488285062504488
0.67076231505224
0.335461641749092
0.478648991090391
0.918130588911738
0.315491772581892
0.425447260880215
0.0874199220684882
0.395806653453131
0.163052759607386
0.583603685797712
0.152646330134646
0.327804364293153
0.0985273919811161
0.617637511557293
0.951060984109201
0.69386859878572
0.0077518541746513
0.668016719337685
0.191045155547946
0.981150272985617
0.996423542649424
0.92687844988542
0.847650382699524
0.117069004011673
0.274831768197183
0.536335096305996
0.791709242775413
0.965913352897187
0.685224940876702
0.521130121787358
0.224045800222309
0.815549532385192
0.498795942295421
0.985753576165367
0.640763833420144
0.631380002372404
0.164088365345646
0.98464624965025
0.753815076699651
0.136371468991069
0.334900683823328
0.994224793488261
0.666181478600957
0.118193438758858
0.531461875054931
0.370871226833571
0.971088532545933
0.165955651550834
0.655368968583796
0.618203495554991
0.866050090782569
0.585214191541884
0.354155226852911
0.41326017345348
0.661225823907232
0.220056793594801
0.455896088566004
0.379075610642169
0.679301967821938
0.216967569821011
0.504934130501637
0.979512990701839
0.796443781709038
0.689792597155262
0.931896466724739
0.299756866597553
0.49342806396032
0.620405479167465
0.94398707929396
0.594736971508535
0.513678487007364
0.684789761167639
0.546904065179285
0.0426778486382219
0.488144650473306
0.332586756165796
0.405348878331486
0.178744628787135
0.749762833547634
0.87670240891895
0.0642784609151576
0.653155321703369
0.382822275526573
0.333230146031262
0.567951871332794
0.8155507127759
0.677068454818809
0.235129495998469
0.999636961959024
0.947518044729968
0.14414288641603
0.67023835530931
0.632858316391565
0.562044295027106
0.504673544645332
0.659551522769594
0.699079780581596
0.938464499280845
0.397245759836247
0.98820752451741
0.50210642116158
0.151704969527142
0.404443701580041
0.556176500389041
0.936741101070272
0.312448960063032
0.928619153411996
0.539248757131274
0.840751337247654
0.658432818652877
0.741148389538139
0.100268717082242
0.619026267725257
0.991132938673871
0.40309907685529
0.199210466098807
0.684367679315488
0.919559008335823
0.365173556437958
0.788202498868289
0.875872638091361
0.307567013401752
0.996230171500604
0.638353333696864
0.65704656000689
0.928979479779626
0.899224595791006
0.55184959625079
0.916440805637943
0.291544400633276
0.877035740035376
0.0165044322542564
0.908664747786175
0.540217342037821
0.940535801907758
0.0779197867725827
0.724713630869045
0.421888281814298
0.60727302991958
0.867680610844505
0.338056976594678
0.573043568745875
0.864697889562002
0.54865721769544
0.862356318526149
0.92980832594362
0.432466933693679
0.573596779964341
0.542825130887308
0.639188765996262
0.33619772086603
0.513845597295645
0.736114227977423
0.497315513431484
0.450685340545951
0.926021424792869
0.425500119266397
0.702799125668399
0.671425663605342
0.507010302297895
0.381460470309671
0.318889884927939
0.224031507218911
0.474247744229626
0.296329270770493
0.760882983753144
0.698748903118192
0.456720907309263
0.624279958558571
0.703511587183781
0.284277674725716
0.722984146239812
0.393299493657347
0.702737537262053
0.697940880368872
0.861730998988272
0.79399756275265
0.00250859034720792
0.991522980622225
0.834367051763737
0.788340827333987
0.721909160122259
0.520815688560429
0.81752637545714
0.482310851409738
0.562825156675902
0.9982421966879
0.796308353021969
0.83075425567113
0.0232454527912066
0.55346430231681
0.979591500228339
0.564869581394686
0.127729786522693
0.533367615877596
0.639009850240941
0.385391272739882
